预测时间：2025/4/7 17:30:51
第1组：6 7 9 20 22 | 1 9
第2组：5 14 20 21 31 | 1 5
第3组：7 9 10 20 24 | 1 11
第4组：6 7 20 29 35 | 1 6
第5组：1 14 20 25 35 | 1 8
第6组：1 3 10 20 31 | 1 3

预测时间：2025/4/7 17:36:22
第1组：3 6 9 20 30 | 1 5
第2组：10 13 20 25 35 | 2 5
第3组：7 17 20 22 30 | 1 12
第4组：1 2 12 20 35 | 1 8
第5组：1 20 27 30 32 | 1 2
第6组：8 20 23 25 30 | 1 10

预测时间：2025/4/7 18:13:11
第1组：20 25 28 31 32 | 1 9
第2组：5 6 20 26 35 | 1 4
第3组：6 8 10 20 30 | 1 4
第4组：1 10 12 20 33 | 1 5
第5组：9 20 22 25 29 | 1 12
第6组：3 20 21 23 35 | 7 9

预测时间：2025/4/7 18:30:00
第1组：5 8 11 14 20 | 1 12
第2组：3 6 9 20 32 | 1 8
第3组：10 20 25 29 30 | 10 11
第4组：11 13 20 28 29 | 1 8
第5组：3 6 20 21 33 | 1 5
第6组：1 10 13 20 35 | 1 2

预测时间：2025/4/8 08:24:32
第1组：3 7 12 25 26 | 2 10
第2组：6 14 20 25 31 | 1 7
第3组：9 11 18 25 30 | 8 12
第4组：14 17 25 26 30 | 1 5
第5组：17 20 23 25 30 | 1 11
第6组：9 25 26 33 35 | 1 10

