预测时间：2025/4/7 17:08:55
第1组：3 8 16 22 23 24 | 11
第2组：6 7 8 16 18 19 | 11
第3组：4 11 16 19 25 30 | 6
第4组：11 12 16 21 24 32 | 11
第5组：1 8 13 15 16 33 | 11
第6组：9 16 21 24 29 31 | 11

预测时间：2025/4/7 17:25:32
第1组：2 4 13 16 17 30 | 11
第2组：4 6 7 14 16 32 | 11
第3组：8 9 16 25 27 32 | 11
第4组：1 4 8 12 16 24 | 11
第5组：8 15 16 21 30 32 | 11
第6组：3 16 17 22 25 30 | 11

预测时间：2025/4/7 17:30:51
第1组：3 10 11 13 16 22 | 11
第2组：9 16 17 20 27 29 | 10
第3组：5 13 16 23 25 30 | 11
第4组：4 10 16 17 29 33 | 11
第5组：10 16 17 18 27 33 | 11
第6组：12 16 21 22 24 28 | 11

预测时间：2025/4/7 17:36:22
第1组：16 19 21 23 25 32 | 1
第2组：8 11 13 16 22 29 | 7
第3组：9 16 20 24 31 32 | 11
第4组：1 4 7 14 16 28 | 11
第5组：3 6 11 16 27 28 | 11
第6组：4 5 14 16 27 29 | 11

预测时间：2025/4/7 18:13:11
第1组：1 6 8 16 17 30 | 11
第2组：16 18 19 21 23 25 | 11
第3组：4 5 9 12 16 25 | 11
第4组：5 7 13 16 23 32 | 6
第5组：9 13 16 18 29 30 | 5
第6组：4 11 16 22 27 32 | 6

预测时间：2025/4/7 18:30:00
第1组：4 12 14 16 20 30 | 11
第2组：11 16 17 23 27 30 | 11
第3组：6 12 16 21 22 29 | 11
第4组：4 7 16 18 26 31 | 11
第5组：12 16 23 28 29 33 | 11
第6组：1 4 8 16 24 25 | 16

预测时间：2025/4/8 08:24:32
第1组：7 8 16 21 30 33 | 14
第2组：10 13 16 25 30 32 | 6
第3组：10 15 16 19 28 29 | 6
第4组：4 5 8 12 16 21 | 11
第5组：4 7 10 16 18 24 | 14
第6组：3 16 19 21 25 26 | 15

预测时间：2025/4/9 08:24:45
第1组：6 10 16 19 23 25 | 11
第2组：14 15 16 19 28 30 | 11
第3组：5 10 12 16 25 33 | 8
第4组：2 9 11 16 30 32 | 11
第5组：3 4 8 14 16 20 | 11
第6组：7 11 16 19 23 33 | 6

预测时间：2025/4/10 08:24:50
第1组：4 7 8 12 16 18 | 9
第2组：6 7 16 24 25 33 | 11
第3组：2 4 16 24 29 32 | 11
第4组：7 12 16 20 28 29 | 11
第5组：11 16 17 24 25 26 | 11
第6组：8 12 16 22 25 29 | 11

预测时间：2025/4/11 08:25:16
第1组：9 16 18 21 24 25 | 11
第2组：10 12 15 16 18 22 | 11
第3组：5 7 15 16 26 30 | 15
第4组：4 6 16 21 22 30 | 16
第5组：2 6 10 16 29 30 | 15
第6组：11 16 19 25 28 31 | 8

预测时间：2025/4/12 08:24:24
第1组：15 16 20 22 29 30 | 6
第2组：1 8 12 16 18 28 | 15
第3组：7 12 16 19 22 33 | 11
第4组：2 5 10 16 18 19 | 11
第5组：1 4 7 16 25 27 | 11
第6组：4 9 10 16 29 33 | 11

